Feature	Gain	Cover	Frequency
ctrx_quarter	0.0786781471059191	0.0340191076552784	0.038474870017331
mpasivos_margen	0.0643206559345354	0.0356176252779353	0.0336221837088388
mrentabilidad_annual	0.038167960633674	0.0378721620901151	0.0398613518197574
mcuentas_saldo	0.0369299460681703	0.0453032770341129	0.0427498555748123
mcaja_ahorro	0.0365885556182751	0.0226041148143294	0.030155979202773
mtarjeta_visa_consumo	0.0337294886933038	0.014215658742293	0.013633737723859
Visa_msaldopesos	0.0330548331266188	0.00660497596142419	0.0113229347198151
cpayroll_trx	0.032465305984972	0.0043612961489949	0.00196418255343732
mpayroll	0.030724665272568	0.0084290026926946	0.00381282495667244
Visa_fechaalta	0.0294318024552797	0.0331788410335127	0.0387059503177354
numero_de_cliente	0.0280610967878778	0.0472043943871503	0.0420566146735991
cliente_antiguedad	0.0265951296348565	0.0385950030244001	0.0368573079145003
Master_fechaalta	0.0265103552628645	0.0379925918578074	0.0347775852108608
chomebanking_trx	0.0263070407242923	0.0249970276001414	0.0303870595031774
mactivos_margen	0.0246997229083775	0.026567122816008	0.0266897746967071
Visa_Fvencimiento	0.024196904489384	0.0326349290401665	0.0313113807047949
cliente_edad	0.0210828476879264	0.0347201965101723	0.0316580011554015
Master_Fvencimiento	0.0201021772454328	0.0244147268465706	0.0280762564991334
mcuenta_corriente	0.0199698778892135	0.049112315347202	0.0303870595031774
mrentabilidad	0.0195047350085583	0.0235126777188202	0.0249566724436742
mprestamos_personales	0.0181917062515691	0.0160115994391348	0.00912767186597343
mcomisiones_otras	0.0173348264708505	0.018693392617178	0.020681686886193
mcomisiones	0.0160672444316267	0.0164230251485031	0.0199884459849798
Visa_mpagospesos	0.0156104021296196	0.0178616622374219	0.0216060080878105
Visa_mpagominimo	0.0148529803498789	0.0111040070725695	0.0164067013287117
mcaja_ahorro_dolares	0.0146233770242958	0.0161790853731269	0.0177931831311381
Visa_mconsumospesos	0.0142977219990846	0.0117886115661899	0.0184864240323512
Master_mfinanciacion_limite	0.0141155183802714	0.0110648080569076	0.0177931831311381
mtransferencias_recibidas	0.0136777145137205	0.0166956285033062	0.0191796649335644
Visa_mfinanciacion_limite	0.0129795598848893	0.0147496953508311	0.0168688619295205
mtransferencias_emitidas	0.0109884034422071	0.012645675650547	0.0139803581744656
mcomisiones_mantenimiento	0.00962333908608898	0.00608158268214271	0.00612362796071635
ccomisiones_otras	0.00920874757380949	0.00838117011974862	0.00797227036395147
Visa_msaldototal	0.00897878196094967	0.0121511998166259	0.0127094165222415
Visa_mlimitecompra	0.00804187911106735	0.0120128449984881	0.0112073945696129
mtarjeta_visa_debitos_automaticos	0.00760118187099143	0.0103849656650874	0.0101675332177932
Master_mpagospesos	0.00651662960538346	0.00872309156765876	0.0072790294627383
mcuenta_debitos_automaticos	0.00646242513725975	0.00629100726832765	0.0072790294627383
Visa_cconsumos	0.00633273082818935	0.00274572508226372	0.00600808781051415
ctarjeta_visa_trx2	0.00626683582567384	0.00409486173637262	0.00693240901213172
cproductos	0.00626167664917782	0.00447229056616358	0.00554592720970537
Master_mlimitecompra	0.00618987688696184	0.0104384150218092	0.0117850953206239
Visa_mconsumototal	0.00612295872825593	0.00608566569257109	0.00843443096476026
ctarjeta_visa_trx	0.0060852753334771	0.00411619282142412	0.0049682264586944
mpagomiscuentas	0.00589416894784025	0.0079274503458808	0.00681686886192952
Visa_mpagado	0.00488504556521784	0.00826596364363543	0.0072790294627383
mautoservicio	0.00478978472616048	0.00462785749458386	0.00543038705950318
ccaja_ahorro	0.00432699969759725	0.0046262285215114	0.00381282495667244
mextraccion_autoservicio	0.00431480425367136	0.0134134677794341	0.00866551126516464
Master_fultimo_cierre	0.0038144364180933	0.00266817538626723	0.0049682264586944
Master_msaldototal	0.00349880452786874	0.00447169821231904	0.00427498555748123
ctransferencias_emitidas	0.00345286314534749	0.00275347645542932	0.00462160600808781
ctarjeta_debito_trx	0.00331637264836824	0.00364591675760162	0.00369728480647025
Master_msaldopesos	0.00326825114910621	0.00705214599421104	0.00462160600808781
ctransferencias_recibidas	0.00306072773334699	0.00581201514079275	0.0049682264586944
Master_mpagominimo	0.00277926726686092	0.00283570151569873	0.00381282495667244
Visa_mconsumosdolares	0.00277313088493804	0.00394708214545849	0.00392836510687464
cprestamos_personales	0.00268931404980748	0.00418276493135176	0.0024263431542461
ctarjeta_debito	0.00249818523492825	0.00305300863911483	0.00358174465626805
matm	0.00244878015673425	0.00340677293281672	0.00381282495667244
cpagomiscuentas	0.00235135614362655	0.00333665939311855	0.00323512420566147
ccuenta_debitos_automaticos	0.00219811711264121	0.00354217867502846	0.00265742345465049
cseguro_accidentes_personales	0.00195246315419964	0.00261476410943542	0.00207972270363951
ccaja_seguridad	0.00169525303262102	0.00649066224717669	0.0025418833044483
Master_mconsumospesos	0.00167027709970991	0.00230804328873661	0.0024263431542461
catm_trx	0.00162576112002913	0.00488797487656409	0.00288850375505488
thomebanking	0.00158345469746143	0.00172559656225415	0.00207972270363951
ccomisiones_mantenimiento	0.00152588555785601	0.00103193751701021	0.00184864240323512
ccallcenter_trx	0.00149584503014715	0.00651576958798708	0.00300404390525708
mplazo_fijo_dolares	0.00148803067405111	0.00584646686350063	0.00207972270363951
Visa_fultimo_cierre	0.00129494938213379	0.00153638605101388	0.00207972270363951
cmobile_app_trx	0.00128837127931861	0.000704827030762824	0.00184864240323512
mdescubierto_preacordado	0.0012321061151169	0.00342179121832506	0.0025418833044483
Master_cconsumos	0.00114908851022191	0.00222833996340535	0.00150202195262854
Master_mconsumototal	0.001125070582112	0.00119828105430209	0.00161756210283073
Visa_mpagosdolares	0.00105913143727763	0.000933088469203886	0.00103986135181976
mtarjeta_master_consumo	0.00100651425022513	0.00436800667183367	0.00231080300404391
ctarjeta_visa_debitos_automaticos	0.000963922185645465	0.0019889761214782	0.00173310225303293
cextraccion_autoservicio	0.000820505692754037	0.00101843184935487	0.00150202195262854
ctarjeta_master	0.000684115661941532	0.000240950504010721	0.000462160600808781
tcallcenter	0.000580412613206014	0.000571790703929213	0.000462160600808781
ccajas_consultas	0.000571464699837911	0.00424176337426718	0.00150202195262854
internet	0.000553363486954329	0.00209301038097362	0.00115540150202195
Visa_msaldodolares	0.000502336656964239	0.000985695837246686	0.000808781051415367
ctarjeta_master_trx	0.000480747867965204	0.000190960070631088	0.000577700751010976
Visa_delinquency	0.000475008859996929	0.000997236159467841	0.000924321201617562
Visa_Finiciomora	0.000434655853701281	0.000590902577613157	0.000346620450606586
Master_mpagosdolares	0.00036819021120799	0.000174606873423108	0.000346620450606586
Master_mpagado	0.000339764714740803	0.00143459638947935	0.000693240901213172
matm_other	0.000277966649077098	0.000473781529252461	0.000462160600808781
ccajas_trx	0.000241793103076969	0.00150589463686658	0.000693240901213172
mttarjeta_master_debitos_automaticos	0.000235164851038594	0.00140082798924212	0.000808781051415367
mtarjeta_visa_descuentos	0.000227646964980305	0.000286680220808612	0.000231080300404391
Master_status	0.000206518326824209	0.000354910921500949	0.000346620450606586
mcaja_ahorro_adicional	0.000206488877646587	0.00172752382779833	0.000693240901213172
Master_mconsumosdolares	0.000191912782562959	0.000110036073270202	0.000231080300404391
cseguro_vida	0.00014691684091152	0.000844963141533044	0.000577700751010976
cplazo_fijo	0.000127153453111733	0.000291440207059317	0.000115540150202195
cforex	9.24132083226468e-05	0.000228212780803833	0.000115540150202195
cseguro_vivienda	4.60638171187118e-05	2.98059761271965e-05	0.000115540150202195
catm_trx_other	4.31921445104513e-05	5.63349661644628e-05	0.000231080300404391
ccajas_extracciones	3.24302865008953e-05	0.000975780256999104	0.000346620450606586
ctarjeta_master_debitos_automaticos	3.08587195685711e-05	0.0003371931949011	0.000115540150202195
Visa_status	1.33378777974721e-05	0.000313943306503209	0.000115540150202195
