Feature	Gain	Cover	Frequency
ctrx_quarter	0.168987120964751	0.0274323702397769	0.0232849273910866
mpasivos_margen	0.069139148161987	0.0204694194408247	0.0227841762643966
cpayroll_trx	0.0674045700731011	0.0244765300930611	0.00726089133700551
mcaja_ahorro	0.0527633304555393	0.0217268126096467	0.0302954431647471
mpayroll	0.0501573343087519	0.0354104070469026	0.0177766649974962
mcuentas_saldo	0.0366035797882019	0.0362203123190186	0.0317976965448172
Visa_mpagospesos	0.035299709593219	0.0160666486270693	0.0227841762643966
Visa_msaldopesos	0.0285606342128637	0.0142552500814658	0.0202804206309464
mtarjeta_visa_consumo	0.0269822095291042	0.0136447580524382	0.014521782674011
mcuenta_corriente	0.0267336248302617	0.0143297637720378	0.0150225338007011
mactivos_margen	0.0228580188455749	0.0340683636012475	0.0255383074611918
mprestamos_personales	0.0221673700409846	0.0267806942534164	0.00951427140711067
Visa_mpagominimo	0.0215147174164434	0.0111115171864117	0.014772158237356
mrentabilidad_annual	0.0214618955870598	0.0241300457792581	0.0302954431647471
Visa_mconsumototal	0.0160824043562406	0.00555493621826616	0.00951427140711067
Master_Fvencimiento	0.0137330430580518	0.0317917471899738	0.0360540811216825
Visa_msaldototal	0.0134679757330076	0.016720396853366	0.0215322984476715
cliente_edad	0.0128001378850882	0.0266967467992189	0.0277916875312969
chomebanking_trx	0.0119503665597402	0.0185214052169119	0.0260390585878818
mcomisiones_otras	0.0116812341203513	0.0163319822860293	0.0222834251377066
mrentabilidad	0.0114666917736256	0.0129673819435127	0.0160240360540811
Master_fechaalta	0.0102682380153794	0.0195427369272707	0.0240360540811217
Visa_fechaalta	0.0102571252735494	0.0155034703280528	0.0217826740110165
cprestamos_personales	0.00968924928051844	0.00690382675042361	0.00375563345017526
ctarjeta_visa_trx	0.00935729920050751	0.0124922303682183	0.0150225338007011
mcaja_ahorro_dolares	0.00916183164948426	0.0238647411026748	0.0212819228843265
Visa_Fvencimiento	0.00912163149420299	0.0153933807700452	0.028042063094642
cliente_antiguedad	0.00907515493882623	0.0183779641888826	0.0262894341512268
numero_de_cliente	0.00868034087943135	0.0111781983896725	0.0210315473209815
mtransferencias_recibidas	0.00831931294598197	0.00835743785529948	0.0160240360540811
cproductos	0.00787886691400032	0.0123821263190224	0.0117676514772158
Visa_mconsumospesos	0.00786074751629988	0.0145574710604085	0.0212819228843265
Visa_mfinanciacion_limite	0.00762150508446904	0.013891695147769	0.0185277916875313
Visa_cconsumos	0.00686534545983837	0.0101233340694374	0.0185277916875313
ccallcenter_trx	0.0067868516503016	0.0143111281038006	0.00475713570355533
thomebanking	0.00635743056442085	0.00729943619278341	0.00676014021031547
Master_mlimitecompra	0.00576380292320805	0.0085819353454474	0.0155232849273911
mtransferencias_emitidas	0.00569073421778251	0.0108675145567248	0.013770655983976
Master_mfinanciacion_limite	0.00555735055837646	0.00889008322043128	0.0135202804206309
ctransferencias_recibidas	0.00537909062627524	0.0133589338531303	0.0107661492238358
mextraccion_autoservicio	0.00536925980717787	0.00775795912942911	0.00926389584376565
mcomisiones	0.00514170037516718	0.00722085772387513	0.0120180270405608
mcomisiones_mantenimiento	0.00498291649196673	0.00807625083626837	0.0102653980971457
mtarjeta_visa_debitos_automaticos	0.00465018293102567	0.00586130892267535	0.0105157736604907
mdescubierto_preacordado	0.00462762455392638	0.0118196508426416	0.00400600901352028
Master_msaldototal	0.00459424518964808	0.00419889428465067	0.00525788683024537
ccomisiones_mantenimiento	0.00435733190044863	0.00339138730420901	0.00550826239359039
mcuenta_debitos_automaticos	0.00430253614021164	0.0102360900061041	0.00951427140711067
ccomisiones_otras	0.00422953349776431	0.0115043805485764	0.0110165247871808
ccaja_ahorro	0.00407195666537603	0.0207071546315439	0.00600901352028042
Master_msaldopesos	0.00383826515593228	0.00652778041235633	0.00525788683024537
ctarjeta_debito_trx	0.0036779700546204	0.00821558361239619	0.0100150225338007
ctransferencias_emitidas	0.00366354298321276	0.00655348053492135	0.00676014021031547
Master_mpagospesos	0.00322363695650336	0.00944831277862117	0.00776164246369554
Visa_mpagado	0.00319344626638401	0.0164257330291556	0.0102653980971457
Visa_mlimitecompra	0.00312159090950411	0.0111855961413327	0.00876314471707561
mautoservicio	0.00309599941391496	0.0115179225641033	0.0127691537305959
ccajas_consultas	0.00299728124023012	0.0165113976891742	0.00375563345017526
Master_mpagominimo	0.00283392643790563	0.00671763671671812	0.00625938908362544
mpagomiscuentas	0.00250853793918906	0.00801057677059897	0.00801201802704056
ccuenta_debitos_automaticos	0.00222394690790766	0.00839228191772271	0.00525788683024537
mplazo_fijo_dolares	0.00211477544051764	0.01301446381451	0.00300450676014021
Visa_mpagosdolares	0.00196865517307055	0.00733228047121229	0.00525788683024537
cmobile_app_trx	0.00178792103801306	0.00204566309670928	0.00400600901352028
Master_status	0.00166345906244209	0.00472617791008748	0.00175262894341512
ctarjeta_visa_debitos_automaticos	0.0014848691176936	0.00318493134357531	0.00475713570355533
Visa_mconsumosdolares	0.00146014306061959	0.00258969129030164	0.00400600901352028
ctarjeta_debito	0.00131114686100323	0.00355514497832575	0.00400600901352028
Master_mconsumospesos	0.0013060520205828	0.00356788273289843	0.00350525788683025
tcallcenter	0.00124867688829645	0.00379877808270941	0.00150225338007011
mtarjeta_master_consumo	0.00120754869704389	0.00281243534665741	0.00275413119679519
catm_trx	0.00112525162798252	0.00221144953719709	0.00250375563345018
ccaja_seguridad	0.00110822978945782	0.00912942693305896	0.00250375563345018
Visa_fultimo_cierre	0.00106970111827363	0.0014817819750571	0.00225338007010516
Master_mconsumototal	0.000907231705319321	0.00277492490557505	0.00375563345017526
cextraccion_autoservicio	0.000825997669366129	0.00219634247332676	0.00400600901352028
matm	0.000691454104852149	0.00280894297026149	0.00350525788683025
ctarjeta_master	0.000664220446413883	0.00414463202981858	0.00125187781672509
cseguro_accidentes_personales	0.000650692187799691	0.00683838454376805	0.00225338007010516
cpagomiscuentas	0.000592032371682599	0.00180165322142813	0.00275413119679519
Master_cconsumos	0.000573289224961168	0.00168128216527568	0.00150225338007011
Master_fultimo_cierre	0.000477412891288594	0.00156133859918	0.00175262894341512
ccajas_trx	0.000469887549807249	0.00133981180264688	0.000500751126690035
Visa_status	0.000407800294020752	0.00365997423495691	0.00125187781672509
cplazo_fijo	0.000332961599575777	0.00251389512955941	0.000751126690035053
Visa_madelantopesos	0.000329283226433656	0.000762135069671388	0.00100150225338007
Master_mconsumosdolares	0.000315728016238135	0.000680049733178821	0.00125187781672509
Master_mpagosdolares	0.000284431188253815	0.00112129192769946	0.00125187781672509
ccajas_extracciones	0.000270345560294281	0.00307823996923927	0.000751126690035053
Master_mpagado	0.000267697116002995	0.0012358157893467	0.000500751126690035
Visa_Finiciomora	0.00019773307149066	0.00203606993001176	0.000500751126690035
mttarjeta_master_debitos_automaticos	0.000143913886577904	0.000572916377597649	0.000250375563345018
Visa_msaldodolares	0.000128602385390335	0.000335000047023906	0.000250375563345018
ctarjeta_visa	0.000116383475595205	0.000477810708359284	0.000250375563345018
Visa_cadelantosefectivo	8.67106860082014e-05	7.03764562937861e-05	0.000250375563345018
Visa_delinquency	6.23565712604025e-05	0.00133787722900018	0.000500751126690035
mtarjeta_visa_descuentos	4.76501407721757e-05	0.00147802875727061	0.00100150225338007
matm_other	4.12825369891265e-05	0.000570612278647641	0.000500751126690035
Visa_madelantodolares	3.3929526305133e-05	5.96384857154487e-05	0.000250375563345018
cseguro_vida	7.80224766258707e-06	0.0001888636579588	0.000250375563345018
ctarjeta_visa_descuentos	4.2821198218045e-06	0.000358613438464393	0.000250375563345018
